0 41 0.5
0 73 0.5
0 35 0.5
0 39 0.5
0 40 0.5
0 88 0.5
1 35 0.5
2 35 0.5
2 48 0.5
2 57 0.5
2 62 0.5
2 74 0.5
3 35 0.5
3 41 0.5
3 48 0.5
3 84 0.5
4 15 0.5
4 65 0.5
4 85 0.5
4 27 0.5
4 35 0.5
5 34 0.5
5 35 0.5
5 20 0.5
6 33 0.5
6 36 0.5
6 35 0.5
6 41 0.5
6 46 0.5
6 49 0.5
7 9 0.5
7 35 0.5
7 41 0.5
7 90 0.5
8 35 0.5
8 41 0.5
8 58 0.5
8 80 0.5
8 89 0.5
9 41 0.5
9 90 0.5
9 35 0.5
10 48 0.5
10 35 0.5
11 41 0.5
11 70 0.5
12 13 0.5
12 14 0.5
12 35 0.5
12 41 0.5
12 83 0.5
13 14 0.5
13 35 0.5
13 41 0.5
13 83 0.5
14 35 0.5
14 41 0.5
14 83 0.5
15 21 0.5
15 51 0.5
15 65 0.5
15 82 0.5
15 84 0.5
15 86 0.5
15 27 0.5
15 35 0.5
15 48 0.5
15 85 0.5
16 35 0.5
16 62 0.5
17 23 0.5
17 43 0.5
17 35 0.5
18 41 0.5
19 35 0.5
19 48 0.5
19 24 0.5
19 45 0.5
20 34 0.5
20 35 0.5
20 38 0.5
21 51 0.5
21 86 0.5
21 35 0.5
21 48 0.5
21 82 0.5
21 84 0.5
21 85 0.5
22 35 0.5
22 62 0.5
23 43 0.5
23 35 0.5
24 35 0.5
24 45 0.5
24 48 0.5
25 35 0.5
25 41 0.5
26 35 0.5
26 62 0.5
27 35 0.5
27 65 0.5
27 85 0.5
28 35 0.5
28 41 0.5
29 35 0.5
29 44 0.5
30 35 0.5
30 51 0.5
31 62 0.5
31 35 0.5
32 41 0.5
32 52 0.5
32 53 0.5
32 54 0.5
32 55 0.5
32 56 0.5
32 59 0.5
32 35 0.5
33 36 0.5
33 35 0.5
33 41 0.5
33 46 0.5
33 49 0.5
34 35 0.5
34 69 0.5
35 39 0.5
35 40 0.5
35 42 0.5
35 43 0.5
35 46 0.5
35 49 0.5
35 50 0.5
35 51 0.5
35 52 0.5
35 53 0.5
35 54 0.5
35 55 0.5
35 56 0.5
35 58 0.5
35 59 0.5
35 61 0.5
35 63 0.5
35 65 0.5
35 66 0.5
35 68 0.5
35 70 0.5
35 71 0.5
35 73 0.5
35 75 0.5
35 77 0.5
35 80 0.5
35 86 0.5
35 87 0.5
35 88 0.5
35 89 0.5
35 90 0.5
35 91 0.5
35 92 0.5
35 93 0.5
35 36 0.5
35 37 0.5
35 41 0.5
35 44 0.5
35 45 0.5
35 47 0.5
35 48 0.5
35 60 0.5
35 62 0.5
35 64 0.5
35 67 0.5
35 69 0.5
35 72 0.5
35 74 0.5
35 76 0.5
35 78 0.5
35 79 0.5
35 81 0.5
35 82 0.5
35 83 0.5
35 84 0.5
35 85 0.5
36 41 0.5
36 46 0.5
36 49 0.5
37 41 0.5
38 64 0.5
39 41 0.5
39 73 0.5
39 88 0.5
39 40 0.5
40 41 0.5
40 73 0.5
40 88 0.5
41 42 0.5
41 46 0.5
41 48 0.5
41 49 0.5
41 52 0.5
41 53 0.5
41 54 0.5
41 55 0.5
41 56 0.5
41 58 0.5
41 59 0.5
41 71 0.5
41 83 0.5
41 87 0.5
41 89 0.5
41 92 0.5
41 47 0.5
41 60 0.5
41 63 0.5
41 64 0.5
41 70 0.5
41 73 0.5
41 80 0.5
41 88 0.5
41 90 0.5
45 48 0.5
46 49 0.5
47 48 0.5
47 87 0.5
47 60 0.5
47 62 0.5
47 63 0.5
48 51 0.5
48 82 0.5
48 86 0.5
48 87 0.5
48 57 0.5
48 60 0.5
48 84 0.5
48 85 0.5
50 84 0.5
51 82 0.5
51 84 0.5
51 85 0.5
51 86 0.5
52 56 0.5
52 59 0.5
52 53 0.5
52 54 0.5
52 55 0.5
53 54 0.5
53 55 0.5
53 56 0.5
53 59 0.5
54 55 0.5
54 56 0.5
54 59 0.5
55 56 0.5
55 59 0.5
56 59 0.5
58 89 0.5
58 80 0.5
60 87 0.5
62 77 0.5
63 64 0.5
63 93 0.5
64 78 0.5
65 85 0.5
67 76 0.5
70 71 0.5
73 88 0.5
80 89 0.5
82 84 0.5
82 86 0.5
82 85 0.5
84 86 0.5
84 85 0.5
85 86 0.5
