1 2 0.5
1 3 0.5
1 4 0.5
1 5 0.5
6 7 0.5
6 8 0.5
6 4 0.5
6 9 0.5
6 5 0.5
6 10 0.5
11 12 0.5
11 13 0.5
11 14 0.5
11 15 0.5
12 14 0.5
12 16 0.5
17 18 0.5
17 19 0.5
17 13 0.5
17 9 0.5
17 15 0.5
17 20 0.5
21 22 0.5
21 23 0.5
21 24 0.5
25 26 0.5
25 27 0.5
28 26 0.5
28 29 0.5
28 30 0.5
2 3 0.5
3 31 0.5
3 32 0.5
3 5 0.5
33 34 0.5
33 35 0.5
33 8 0.5
33 19 0.5
33 36 0.5
33 37 0.5
38 39 0.5
38 14 0.5
38 16 0.5
38 15 0.5
38 40 0.5
38 20 0.5
34 41 0.5
34 42 0.5
34 8 0.5
34 37 0.5
41 42 0.5
41 43 0.5
41 44 0.5
18 8 0.5
18 19 0.5
18 9 0.5
42 8 0.5
42 44 0.5
42 5 0.5
42 27 0.5
42 45 0.5
7 4 0.5
7 10 0.5
22 46 0.5
22 23 0.5
22 24 0.5
22 47 0.5
26 30 0.5
26 27 0.5
26 45 0.5
48 46 0.5
43 44 0.5
43 37 0.5
35 49 0.5
35 36 0.5
35 37 0.5
8 19 0.5
8 9 0.5
8 5 0.5
4 5 0.5
39 49 0.5
39 36 0.5
39 20 0.5
31 32 0.5
31 5 0.5
31 27 0.5
49 36 0.5
19 36 0.5
19 20 0.5
46 47 0.5
29 23 0.5
29 30 0.5
13 9 0.5
13 10 0.5
14 16 0.5
14 15 0.5
23 30 0.5
23 47 0.5
44 30 0.5
44 45 0.5
9 10 0.5
16 40 0.5
30 45 0.5
36 20 0.5
5 27 0.5
15 20 0.5
27 45 0.5
